i   AlignChn ScoredChain  AlignResNum  AlignResType  AlignRespLDDT      n0chn  n0dom  n0res    d0chn     d0dom     d0res   ipTM_pae  ipSAE_d0chn ipSAE_d0dom    ipSAE 
1       A         B            1           PHE            0.00           498    408      0     7.929     7.283     1.000     0.0683      0.0000      0.0000      0.0000
2       A         B            2           PRO            0.00           498    408      0     7.929     7.283     1.000     0.0774      0.0000      0.0000      0.0000
3       A         B            3           ILE            0.00           498    408      0     7.929     7.283     1.000     0.0943      0.0000      0.0000      0.0000
4       A         B            4           PRO            0.00           498    408      0     7.929     7.283     1.000     0.1034      0.0000      0.0000      0.0000
5       A         B            5           LEU            0.00           498    408      0     7.929     7.283     1.000     0.1167      0.0000      0.0000      0.0000
6       A         B            6           GLY            0.00           498    408      0     7.929     7.283     1.000     0.1135      0.0000      0.0000      0.0000
7       A         B            7           VAL            0.00           498    408      0     7.929     7.283     1.000     0.1188      0.0000      0.0000      0.0000
8       A         B            8           VAL            0.00           498    408      0     7.929     7.283     1.000     0.1124      0.0000      0.0000      0.0000
9       A         B            9           HIS            0.00           498    408      0     7.929     7.283     1.000     0.1004      0.0000      0.0000      0.0000
10      A         B           10           ASN            0.00           498    408      0     7.929     7.283     1.000     0.0887      0.0000      0.0000      0.0000
11      A         B           11           ASN            0.00           498    408      0     7.929     7.283     1.000     0.0893      0.0000      0.0000      0.0000
12      A         B           12           THR            0.00           498    408      0     7.929     7.283     1.000     0.0981      0.0000      0.0000      0.0000
13      A         B           13           LEU            0.00           498    408      0     7.929     7.283     1.000     0.1079      0.0000      0.0000      0.0000
14      A         B           14           GLN            0.00           498    408      0     7.929     7.283     1.000     0.1056      0.0000      0.0000      0.0000
15      A         B           15           VAL            0.00           498    408      0     7.929     7.283     1.000     0.0996      0.0000      0.0000      0.0000
16      A         B           16           SER            0.00           498    408      0     7.929     7.283     1.000     0.0860      0.0000      0.0000      0.0000
17      A         B           17           ASP            0.00           498    408      0     7.929     7.283     1.000     0.0786      0.0000      0.0000      0.0000
18      A         B           18           ILE            0.00           498    408      0     7.929     7.283     1.000     0.0766      0.0000      0.0000      0.0000
19      A         B           19           ASP            0.00           498    408      0     7.929     7.283     1.000     0.0720      0.0000      0.0000      0.0000
20      A         B           20           LYS            0.00           498    408      0     7.929     7.283     1.000     0.0724      0.0000      0.0000      0.0000
21      A         B           21           LEU            0.00           498    408      0     7.929     7.283     1.000     0.0721      0.0000      0.0000      0.0000
22      A         B           22           VAL            0.00           498    408      0     7.929     7.283     1.000     0.0685      0.0000      0.0000      0.0000
23      A         B           23           CYS            0.00           498    408      0     7.929     7.283     1.000     0.0671      0.0000      0.0000      0.0000
24      A         B           24           ARG            0.00           498    408      0     7.929     7.283     1.000     0.0680      0.0000      0.0000      0.0000
25      A         B           25           ASP            0.00           498    408      0     7.929     7.283     1.000     0.0704      0.0000      0.0000      0.0000
26      A         B           26           LYS            0.00           498    408      0     7.929     7.283     1.000     0.0720      0.0000      0.0000      0.0000
27      A         B           27           LEU            0.00           498    408      0     7.929     7.283     1.000     0.0824      0.0000      0.0000      0.0000
28      A         B           28           SER            0.00           498    408      0     7.929     7.283     1.000     0.0879      0.0000      0.0000      0.0000
29      A         B           29           SER            0.00           498    408      0     7.929     7.283     1.000     0.1025      0.0000      0.0000      0.0000
30      A         B           30           THR            0.00           498    408      0     7.929     7.283     1.000     0.1160      0.0000      0.0000      0.0000
31      A         B           31           SER            0.00           498    408      0     7.929     7.283     1.000     0.1305      0.0000      0.0000      0.0000
32      A         B           32           GLN            0.00           498    408      0     7.929     7.283     1.000     0.1646      0.0000      0.0000      0.0000
33      A         B           33           LEU            0.00           498    408      0     7.929     7.283     1.000     0.2049      0.0000      0.0000      0.0000
34      A         B           34           LYS            0.00           498    408      0     7.929     7.283     1.000     0.2445      0.0000      0.0000      0.0000
35      A         B           35           SER            0.00           498    408     56     7.929     7.283     2.476     0.3280      0.4242      0.3834      0.0673
36      A         B           36           VAL            0.00           498    408     92     7.929     7.283     3.475     0.3559      0.4380      0.3969      0.1312
37      A         B           37           GLY            0.00           498    408    116     7.929     7.283     3.975     0.3827      0.4541      0.4127      0.1742
38      A         B           38           LEU            0.00           498    408    140     7.929     7.283     4.400     0.4058      0.4666      0.4251      0.2142
39      A         B           39           ASN            0.00           498    408    117     7.929     7.283     3.994     0.3873      0.4615      0.4201      0.1804
40      A         B           40           LEU            0.00           498    408     95     7.929     7.283     3.543     0.3676      0.4492      0.4079      0.1411
41      A         B           41           GLU            0.00           498    408      2     7.929     7.283     1.000     0.2550      0.3937      0.3539      0.0102
42      A         B           42           GLY            0.00           498    408      0     7.929     7.283     1.000     0.2176      0.0000      0.0000      0.0000
43      A         B           43           ASN            0.00           498    408      0     7.929     7.283     1.000     0.2186      0.0000      0.0000      0.0000
44      A         B           44           GLY            0.00           498    408      1     7.929     7.283     1.000     0.2390      0.4018      0.3616      0.0106
45      A         B           45           VAL            0.00           498    408     25     7.929     7.283     1.000     0.2940      0.4217      0.3810      0.0115
46      A         B           46           ALA            0.00           498    408     45     7.929     7.283     2.053     0.3190      0.4268      0.3859      0.0478
47      A         B           47           THR            0.00           498    408     71     7.929     7.283     2.944     0.3441      0.4420      0.4008      0.0994
48      A         B           48           ASP            0.00           498    408    144     7.929     7.283     4.465     0.4107      0.4694      0.4280      0.2218
49      A         B           49           VAL            0.00           498    408    197     7.929     7.283     5.227     0.4606      0.4930      0.4516      0.3008
50      A         B           50           PRO            0.00           498    408    194     7.929     7.283     5.188     0.4598      0.4942      0.4527      0.2986
51      A         B           51           THR            0.00           498    408    189     7.929     7.283     5.123     0.4488      0.4853      0.4438      0.2857
52      A         B           52           ALA            0.00           498    408    209     7.929     7.283     5.378     0.4704      0.4966      0.4551      0.3157
53      A         B           53           THR            0.00           498    408    197     7.929     7.283     5.227     0.4619      0.4946      0.4531      0.3021
54      A         B           54           LYS            0.00           498    408    162     7.929     7.283     4.744     0.4273      0.4767      0.4352      0.2488
55      A         B           55           ARG            0.00           498    408    186     7.929     7.283     5.083     0.4492      0.4887      0.4473      0.2856
56      A         B           56           TRP            0.00           498    408    181     7.929     7.283     5.015     0.4422      0.4815      0.4401      0.2742
57      A         B           57           GLY            0.00           498    408    130     7.929     7.283     4.230     0.3926      0.4551      0.4137      0.1936
58      A         B           58           PHE            0.00           498    408    125     7.929     7.283     4.141     0.3903      0.4566      0.4153      0.1882
59      A         B           59           ARG            0.00           498    408     36     7.929     7.283     1.621     0.3094      0.4270      0.3861      0.0304
60      A         B           60           ALA            0.00           498    408      1     7.929     7.283     1.000     0.2469      0.3933      0.3536      0.0102
61      A         B           61           GLY            0.00           498    408      0     7.929     7.283     1.000     0.1723      0.0000      0.0000      0.0000
62      A         B           62           VAL            0.00           498    408      0     7.929     7.283     1.000     0.1666      0.0000      0.0000      0.0000
63      A         B           63           PRO            0.00           498    408      0     7.929     7.283     1.000     0.1688      0.0000      0.0000      0.0000
64      A         B           64           PRO            0.00           498    408      0     7.929     7.283     1.000     0.2074      0.0000      0.0000      0.0000
65      A         B           65           LYS            0.00           498    408      1     7.929     7.283     1.000     0.2694      0.3990      0.3590      0.0104
66      A         B           66           VAL            0.00           498    408     36     7.929     7.283     1.621     0.3127      0.4146      0.3741      0.0288
67      A         B           67           VAL            0.00           498    408     17     7.929     7.283     1.000     0.2943      0.4025      0.3624      0.0106
68      A         B           68           ASN            0.00           498    408     18     7.929     7.283     1.000     0.2970      0.4018      0.3617      0.0106
69      A         B           69           TYR            0.00           498    408     75     7.929     7.283     3.054     0.3466      0.4289      0.3880      0.1008
70      A         B           70           GLU            0.00           498    408     11     7.929     7.283     1.000     0.2870      0.3991      0.3591      0.0105
71      A         B           71           ALA            0.00           498    408     28     7.929     7.283     1.116     0.3021      0.4113      0.3709      0.0137
72      A         B           72           GLY            0.00           498    408     43     7.929     7.283     1.965     0.3107      0.4198      0.3791      0.0427
73      A         B           73           GLU            0.00           498    408     78     7.929     7.283     3.134     0.3493      0.4377      0.3966      0.1093
74      A         B           74           TRP            0.00           498    408    139     7.929     7.283     4.383     0.4038      0.4661      0.4247      0.2129
75      A         B           75           ALA            0.00           498    408    184     7.929     7.283     5.056     0.4489      0.4896      0.4481      0.2840
76      A         B           76           GLU            0.00           498    408    167     7.929     7.283     4.818     0.4293      0.4774      0.4360      0.2551
77      A         B           77           ASN            0.00           498    408    187     7.929     7.283     5.096     0.4484      0.4859      0.4444      0.2842
78      A         B           78           CYS            0.00           498    408    190     7.929     7.283     5.136     0.4507      0.4860      0.4445      0.2873
79      A         B           79           TYR            0.00           498    408    216     7.929     7.283     5.464     0.4855      0.5082      0.4667      0.3330
80      A         B           80           ASN            0.00           498    408    217     7.929     7.283     5.476     0.4908      0.5134      0.4719      0.3385
81      A         B           81           LEU            0.00           498    408    205     7.929     7.283     5.329     0.4708      0.4988      0.4573      0.3137
82      A         B           82           ASP            0.00           498    408    184     7.929     7.283     5.056     0.4455      0.4846      0.4431      0.2797
83      A         B           83           ILE            0.00           498    408    164     7.929     7.283     4.774     0.4318      0.4795      0.4380      0.2535
84      A         B           84           LYS            0.00           498    408    119     7.929     7.283     4.031     0.3876      0.4584      0.4170      0.1812
85      A         B           85           LYS            0.00           498    408     70     7.929     7.283     2.916     0.3409      0.4338      0.3928      0.0945
86      A         B           86           ALA            0.00           498    408     17     7.929     7.283     1.000     0.2850      0.4123      0.3718      0.0111
87      A         B           87           ASP            0.00           498    408     25     7.929     7.283     1.000     0.2886      0.4147      0.3741      0.0112
88      A         B           88           GLY            0.00           498    408     27     7.929     7.283     1.039     0.2985      0.4208      0.3800      0.0124
89      A         B           89           SER            0.00           498    408     26     7.929     7.283     1.000     0.2967      0.4154      0.3749      0.0112
90      A         B           90           GLU            0.00           498    408     70     7.929     7.283     2.916     0.3424      0.4343      0.3932      0.0946
91      A         B           91           CYS            0.00           498    408     46     7.929     7.283     2.095     0.3196      0.4295      0.3886      0.0503
92      A         B           92           LEU            0.00           498    408    147     7.929     7.283     4.514     0.4118      0.4666      0.4252      0.2233
93      A         B           93           PRO            0.00           498    408    153     7.929     7.283     4.608     0.4155      0.4678      0.4263      0.2310
94      A         B           94           GLU            0.00           498    408     88     7.929     7.283     3.382     0.3565      0.4387      0.3976      0.1253
95      A         B           95           ALA            0.00           498    408     91     7.929     7.283     3.452     0.3600      0.4396      0.3985      0.1304
96      A         B           96           PRO            0.00           498    408     72     7.929     7.283     2.972     0.3410      0.4317      0.3907      0.0970
97      A         B           97           GLU            0.00           498    408      0     7.929     7.283     1.000     0.2122      0.0000      0.0000      0.0000
98      A         B           98           GLY            0.00           498    408      0     7.929     7.283     1.000     0.2306      0.0000      0.0000      0.0000
99      A         B           99           VAL            0.00           498    408     72     7.929     7.283     2.972     0.3426      0.4283      0.3874      0.0957
100     A         B          100           ARG            0.00           498    408     70     7.929     7.283     2.916     0.3403      0.4319      0.3910      0.0938
101     A         B          101           GLY            0.00           498    408    105     7.929     7.283     3.757     0.3729      0.4443      0.4031      0.1534
102     A         B          102           PHE            0.00           498    408    141     7.929     7.283     4.416     0.4014      0.4584      0.4171      0.2100
103     A         B          103           PRO            0.00           498    408     20     7.929     7.283     1.000     0.2933      0.4102      0.3699      0.0110
104     A         B          104           ARG            0.00           498    408     87     7.929     7.283     3.359     0.3567      0.4421      0.4009      0.1255
105     A         B          105           CYS            0.00           498    408    161     7.929     7.283     4.729     0.4284      0.4798      0.4383      0.2500
106     A         B          106           ARG            0.00           498    408    190     7.929     7.283     5.136     0.4550      0.4922      0.4507      0.2926
107     A         B          107           TYR            0.00           498    408    213     7.929     7.283     5.427     0.4879      0.5131      0.4716      0.3345
108     A         B          108           VAL            0.00           498    408    217     7.929     7.283     5.476     0.4931      0.5158      0.4743      0.3407
109     A         B          109           HIS            0.00           498    408    220     7.929     7.283     5.511     0.5068      0.5283      0.4869      0.3556
110     A         B          110           LYS            0.00           498    408    220     7.929     7.283     5.511     0.5090      0.5306      0.4891      0.3572
111     A         B          111           VAL            0.00           498    408    214     7.929     7.283     5.439     0.4896      0.5138      0.4724      0.3364
112     A         B          112           SER            0.00           498    408    194     7.929     7.283     5.188     0.4591      0.4937      0.4522      0.2980
113     A         B          113           GLY            0.00           498    408     77     7.929     7.283     3.108     0.3460      0.4414      0.4004      0.1094
114     A         B          114           THR            0.00           498    408    102     7.929     7.283     3.694     0.3689      0.4499      0.4087      0.1524
115     A         B          115           GLY            0.00           498    408     52     7.929     7.283     2.332     0.3267      0.4401      0.3989      0.0641
116     A         B          116           PRO            0.00           498    408     49     7.929     7.283     2.217     0.3216      0.4324      0.3914      0.0566
117     A         B          117           CYS            0.00           498    408     18     7.929     7.283     1.000     0.2695      0.4073      0.3671      0.0108
118     A         B          118           PRO            0.00           498    408      2     7.929     7.283     1.000     0.2402      0.3927      0.3530      0.0102
119     A         B          119           GLU            0.00           498    408      0     7.929     7.283     1.000     0.1998      0.0000      0.0000      0.0000
120     A         B          120           GLY            0.00           498    408      0     7.929     7.283     1.000     0.2256      0.0000      0.0000      0.0000
121     A         B          121           PHE            0.00           498    408     98     7.929     7.283     3.609     0.3673      0.4447      0.4034      0.1433
122     A         B          122           ALA            0.00           498    408    139     7.929     7.283     4.383     0.4060      0.4643      0.4229      0.2114
123     A         B          123           PHE            0.00           498    408    154     7.929     7.283     4.623     0.4199      0.4717      0.4301      0.2350
124     A         B          124           HIS            0.00           498    408    185     7.929     7.283     5.069     0.4410      0.4788      0.4373      0.2759
125     A         B          125           LYS            0.00           498    408    133     7.929     7.283     4.282     0.3979      0.4594      0.4180      0.2003
126     A         B          126           GLU            0.00           498    408     67     7.929     7.283     2.828     0.3407      0.4332      0.3922      0.0892
127     A         B          127           GLY            0.00           498    408     79     7.929     7.283     3.160     0.3459      0.4289      0.3881      0.1071
128     A         B          128           ALA            0.00           498    408    109     7.929     7.283     3.838     0.3786      0.4509      0.4096      0.1626
129     A         B          129           PHE            0.00           498    408    159     7.929     7.283     4.699     0.4231      0.4733      0.4317      0.2421
130     A         B          130           PHE            0.00           498    408    188     7.929     7.283     5.109     0.4540      0.4920      0.4504      0.2900
131     A         B          131           LEU            0.00           498    408    190     7.929     7.283     5.136     0.4532      0.4894      0.4478      0.2898
132     A         B          132           TYR            0.00           498    408    185     7.929     7.283     5.069     0.4443      0.4819      0.4404      0.2783
133     A         B          133           ASP            0.00           498    408    113     7.929     7.283     3.917     0.3822      0.4540      0.4126      0.1700
134     A         B          134           ARG            0.00           498    408     64     7.929     7.283     2.738     0.3402      0.4309      0.3899      0.0832
135     A         B          135           LEU            0.00           498    408    115     7.929     7.283     3.956     0.3790      0.4497      0.4084      0.1702
136     A         B          136           ALA            0.00           498    408    154     7.929     7.283     4.623     0.4166      0.4684      0.4269      0.2326
137     A         B          137           SER            0.00           498    408    149     7.929     7.283     4.545     0.4102      0.4658      0.4243      0.2246
138     A         B          138           THR            0.00           498    408    157     7.929     7.283     4.669     0.4188      0.4690      0.4275      0.2365
139     A         B          139           ILE            0.00           498    408    167     7.929     7.283     4.818     0.4284      0.4767      0.4352      0.2544
140     A         B          140           ILE            0.00           498    408    180     7.929     7.283     5.001     0.4396      0.4796      0.4382      0.2714
141     A         B          141           TYR            0.00           498    408    190     7.929     7.283     5.136     0.4495      0.4846      0.4431      0.2857
142     A         B          142           ARG            0.00           498    408    145     7.929     7.283     4.482     0.4071      0.4653      0.4239      0.2198
143     A         B          143           SER            0.00           498    408    140     7.929     7.283     4.400     0.4023      0.4609      0.4195      0.2104
144     A         B          144           THR            0.00           498    408    183     7.929     7.283     5.042     0.4426      0.4811      0.4396      0.2756
145     A         B          145           THR            0.00           498    408    201     7.929     7.283     5.278     0.4635      0.4938      0.4522      0.3051
146     A         B          146           PHE            0.00           498    408    206     7.929     7.283     5.341     0.4764      0.5052      0.4636      0.3202
147     A         B          147           SER            0.00           498    408    169     7.929     7.283     4.847     0.4319      0.4774      0.4359      0.2572
148     A         B          148           GLU            0.00           498    408    163     7.929     7.283     4.759     0.4293      0.4787      0.4372      0.2514
149     A         B          149           GLY            0.00           498    408    125     7.929     7.283     4.141     0.3937      0.4655      0.4240      0.1941
150     A         B          150           VAL            0.00           498    408    132     7.929     7.283     4.265     0.4002      0.4659      0.4244      0.2035
151     A         B          151           VAL            0.00           498    408    107     7.929     7.283     3.798     0.3702      0.4454      0.4042      0.1568
152     A         B          152           ALA            0.00           498    408     31     7.929     7.283     1.325     0.3066      0.4216      0.3809      0.0200
153     A         B          153           PHE            0.00           498    408     11     7.929     7.283     1.000     0.2802      0.4022      0.3621      0.0106
154     A         B          154           LEU            0.00           498    408      0     7.929     7.283     1.000     0.2241      0.0000      0.0000      0.0000
155     A         B          155           ILE            0.00           498    408      0     7.929     7.283     1.000     0.2096      0.0000      0.0000      0.0000
156     A         B          156           LEU            0.00           498    408      0     7.929     7.283     1.000     0.1746      0.0000      0.0000      0.0000
157     A         B          157           PRO            0.00           498    408      0     7.929     7.283     1.000     0.1549      0.0000      0.0000      0.0000
158     A         B          158           LYS            0.00           498    408      0     7.929     7.283     1.000     0.1256      0.0000      0.0000      0.0000
159     A         B          159           THR            0.00           498    408      0     7.929     7.283     1.000     0.1173      0.0000      0.0000      0.0000
160     A         B          160           LYS            0.00           498    408      0     7.929     7.283     1.000     0.1231      0.0000      0.0000      0.0000
161     A         B          161           LYS            0.00           498    408      0     7.929     7.283     1.000     0.1190      0.0000      0.0000      0.0000
162     A         B          162           ASP            0.00           498    408      0     7.929     7.283     1.000     0.1209      0.0000      0.0000      0.0000
163     A         B          163           PHE            0.00           498    408      0     7.929     7.283     1.000     0.1305      0.0000      0.0000      0.0000
164     A         B          164           PHE            0.00           498    408      0     7.929     7.283     1.000     0.1307      0.0000      0.0000      0.0000
165     A         B          165           GLN            0.00           498    408      0     7.929     7.283     1.000     0.1181      0.0000      0.0000      0.0000
166     A         B          166           SER            0.00           498    408      0     7.929     7.283     1.000     0.1229      0.0000      0.0000      0.0000
167     A         B          167           PRO            0.00           498    408      0     7.929     7.283     1.000     0.1566      0.0000      0.0000      0.0000
168     A         B          168           PRO            0.00           498    408      0     7.929     7.283     1.000     0.1721      0.0000      0.0000      0.0000
169     A         B          169           LEU            0.00           498    408      0     7.929     7.283     1.000     0.2008      0.0000      0.0000      0.0000
170     A         B          170           HIS            0.00           498    408      0     7.929     7.283     1.000     0.1924      0.0000      0.0000      0.0000
171     A         B          171           GLU            0.00           498    408      0     7.929     7.283     1.000     0.1699      0.0000      0.0000      0.0000
172     A         B          172           PRO            0.00           498    408      0     7.929     7.283     1.000     0.1415      0.0000      0.0000      0.0000
173     A         B          173           ALA            0.00           498    408      0     7.929     7.283     1.000     0.1181      0.0000      0.0000      0.0000
174     A         B          174           ASN            0.00           498    408      0     7.929     7.283     1.000     0.1057      0.0000      0.0000      0.0000
175     A         B          175           MET            0.00           498    408      0     7.929     7.283     1.000     0.1055      0.0000      0.0000      0.0000
176     A         B          176           THR            0.00           498    408      0     7.929     7.283     1.000     0.0970      0.0000      0.0000      0.0000
177     A         B          177           THR            0.00           498    408      0     7.929     7.283     1.000     0.0965      0.0000      0.0000      0.0000
178     A         B          178           ASP            0.00           498    408      0     7.929     7.283     1.000     0.0974      0.0000      0.0000      0.0000
179     A         B          179           PRO            0.00           498    408      0     7.929     7.283     1.000     0.0949      0.0000      0.0000      0.0000
180     A         B          180           SER            0.00           498    408      0     7.929     7.283     1.000     0.0941      0.0000      0.0000      0.0000
181     A         B          181           SER            0.00           498    408      0     7.929     7.283     1.000     0.0962      0.0000      0.0000      0.0000
182     A         B          182           TYR            0.00           498    408      0     7.929     7.283     1.000     0.1111      0.0000      0.0000      0.0000
183     A         B          183           TYR            0.00           498    408      0     7.929     7.283     1.000     0.1119      0.0000      0.0000      0.0000
184     A         B          184           HIS            0.00           498    408      0     7.929     7.283     1.000     0.1362      0.0000      0.0000      0.0000
185     A         B          185           THR            0.00           498    408     28     7.929     7.283     1.116     0.2877      0.4220      0.3814      0.0143
186     A         B          186           VAL            0.00           498    408    150     7.929     7.283     4.561     0.4149      0.4709      0.4295      0.2302
187     A         B          187           THR            0.00           498    408    205     7.929     7.283     5.329     0.4781      0.5080      0.4665      0.3219
188     A         B          188           LEU            0.00           498    408    218     7.929     7.283     5.488     0.5029      0.5255      0.4842      0.3511
189     A         B          189           ASN            0.00           498    408    217     7.929     7.283     5.476     0.5079      0.5317      0.4904      0.3559
190     A         B          190           TYR            0.00           498    408    225     7.929     7.283     5.570     0.5247      0.5429      0.5018      0.3747
191     A         B          191           VAL            0.00           498    408    219     7.929     7.283     5.500     0.5092      0.5313      0.4899      0.3572
192     A         B          192           ALA            0.00           498    408    198     7.929     7.283     5.240     0.4693      0.5024      0.4610      0.3103
193     A         B          193           ASP            0.00           498    408    149     7.929     7.283     4.545     0.4170      0.4760      0.4345      0.2328
194     A         B          194           ASN            0.00           498    408    147     7.929     7.283     4.514     0.4187      0.4788      0.4373      0.2325
195     A         B          195           PHE            0.00           498    408    129     7.929     7.283     4.213     0.4039      0.4762      0.4347      0.2073
196     A         B          196           GLY            0.00           498    408     51     7.929     7.283     2.294     0.3209      0.4381      0.3970      0.0618
197     A         B          197           THR            0.00           498    408     74     7.929     7.283     3.027     0.3474      0.4451      0.4039      0.1057
198     A         B          198           ASN            0.00           498    408     66     7.929     7.283     2.798     0.3348      0.4450      0.4038      0.0918
199     A         B          199           MET            0.00           498    408     40     7.929     7.283     1.826     0.3019      0.4409      0.3997      0.0405
200     A         B          200           THR            0.00           498    408    116     7.929     7.283     3.975     0.3933      0.4728      0.4314      0.1868
201     A         B          201           ASN            0.00           498    408    146     7.929     7.283     4.498     0.4193      0.4822      0.4408      0.2341
202     A         B          202           PHE            0.00           498    408    217     7.929     7.283     5.476     0.5003      0.5231      0.4818      0.3482
203     A         B          203           LEU            0.00           498    408    227     7.929     7.283     5.594     0.5478      0.5651      0.5242      0.3977
204     A         B          204           PHE            0.00           498    408    227     7.929     7.283     5.594     0.5527      0.5706      0.5298      0.4033
205     A         B          205           GLN            0.00           498    408    223     7.929     7.283     5.547     0.5220      0.5419      0.5007      0.3717
206     A         B          206           VAL            0.00           498    408    218     7.929     7.283     5.488     0.5036      0.5257      0.4843      0.3512
207     A         B          207           ASP            0.00           498    408    188     7.929     7.283     5.109     0.4519      0.4886      0.4472      0.2876
208     A         B          208           HIS            0.00           498    408    135     7.929     7.283     4.316     0.4056      0.4740      0.4325      0.2137
209     A         B          209           LEU            0.00           498    408    201     7.929     7.283     5.278     0.4707      0.5019      0.4606      0.3129
210     A         B          210           THR            0.00           498    408    226     7.929     7.283     5.582     0.5289      0.5459      0.5046      0.3778
211     A         B          211           TYR            0.00           498    408    228     7.929     7.283     5.605     0.5552      0.5717      0.5308      0.4050
212     A         B          212           VAL            0.00           498    408    229     7.929     7.283     5.617     0.5610      0.5764      0.5357      0.4107
213     A         B          213           GLN            0.00           498    408    227     7.929     7.283     5.594     0.5382      0.5550      0.5139      0.3878
214     A         B          214           LEU            0.00           498    408    217     7.929     7.283     5.476     0.4972      0.5195      0.4784      0.3455
215     A         B          215           GLU            0.00           498    408    205     7.929     7.283     5.329     0.4753      0.5040      0.4627      0.3192
216     A         B          216           PRO            0.00           498    408    156     7.929     7.283     4.654     0.4369      0.4951      0.4537      0.2570
217     A         B          217           ARG            0.00           498    408    175     7.929     7.283     4.932     0.4452      0.4899      0.4484      0.2743
218     A         B          218           PHE            0.00           498    408    223     7.929     7.283     5.547     0.5141      0.5337      0.4926      0.3644
219     A         B          219           THR            0.00           498    408    223     7.929     7.283     5.547     0.5023      0.5211      0.4797      0.3519
220     A         B          220           PRO            0.00           498    408    223     7.929     7.283     5.547     0.5119      0.5309      0.4896      0.3611
221     A         B          221           GLN            0.00           498    408    222     7.929     7.283     5.535     0.5089      0.5286      0.4872      0.3577
222     A         B          222           PHE            0.00           498    408    227     7.929     7.283     5.594     0.5433      0.5609      0.5199      0.3937
223     A         B          223           LEU            0.00           498    408    227     7.929     7.283     5.594     0.5439      0.5612      0.5201      0.3936
224     A         B          224           VAL            0.00           498    408    226     7.929     7.283     5.582     0.5230      0.5406      0.4993      0.3729
225     A         B          225           GLN            0.00           498    408    223     7.929     7.283     5.547     0.5180      0.5368      0.4954      0.3662
226     A         B          226           LEU            0.00           498    408    226     7.929     7.283     5.582     0.5318      0.5494      0.5082      0.3812
227     A         B          227           ASN            0.00           498    408    223     7.929     7.283     5.547     0.5216      0.5410      0.4997      0.3702
228     A         B          228           GLU            0.00           498    408    217     7.929     7.283     5.476     0.4985      0.5210      0.4795      0.3454
229     A         B          229           THR            0.00           498    408    217     7.929     7.283     5.476     0.5039      0.5257      0.4842      0.3498
230     A         B          230           ILE            0.00           498    408    223     7.929     7.283     5.547     0.5225      0.5415      0.5002      0.3708
231     A         B          231           TYR            0.00           498    408    208     7.929     7.283     5.366     0.4860      0.5145      0.4731      0.3311
232     A         B          232           THR            0.00           498    408    178     7.929     7.283     4.974     0.4414      0.4838      0.4423      0.2727
233     A         B          233           ASN            0.00           498    408    177     7.929     7.283     4.960     0.4398      0.4842      0.4428      0.2722
234     A         B          234           GLY            0.00           498    408    146     7.929     7.283     4.498     0.4133      0.4745      0.4331      0.2283
235     A         B          235           ARG            0.00           498    408    152     7.929     7.283     4.592     0.4216      0.4790      0.4375      0.2388
236     A         B          236           ARG            0.00           498    408    156     7.929     7.283     4.654     0.4228      0.4769      0.4354      0.2421
237     A         B          237           SER            0.00           498    408     49     7.929     7.283     2.217     0.3269      0.4420      0.4009      0.0591
238     A         B          238           ASN            0.00           498    408     10     7.929     7.283     1.000     0.2418      0.4233      0.3826      0.0116
239     A         B          239           THR            0.00           498    408      1     7.929     7.283     1.000     0.2188      0.3861      0.3467      0.0099
240     A         B          240           THR            0.00           498    408      0     7.929     7.283     1.000     0.1997      0.0000      0.0000      0.0000
241     A         B          241           GLY            0.00           498    408     17     7.929     7.283     1.000     0.2579      0.4199      0.3792      0.0114
242     A         B          242           THR            0.00           498    408    118     7.929     7.283     4.013     0.3936      0.4745      0.4331      0.1911
243     A         B          243           LEU            0.00           498    408    212     7.929     7.283     5.415     0.4828      0.5068      0.4654      0.3283
244     A         B          244           ILE            0.00           498    408    228     7.929     7.283     5.605     0.5372      0.5528      0.5117      0.3869
245     A         B          245           TRP            0.00           498    408    228     7.929     7.283     5.605     0.5328      0.5480      0.5069      0.3821
246     A         B          246           LYS            0.00           498    408    229     7.929     7.283     5.617     0.5570      0.5719      0.5311      0.4060
247     A         B          247           VAL            0.00           498    408    229     7.929     7.283     5.617     0.5885      0.6048      0.5646      0.4389
248     A         B          248           ASN            0.00           498    408    230     7.929     7.283     5.629     0.5965      0.6117      0.5717      0.4472
249     A         B          249           PRO            0.00           498    408    230     7.929     7.283     5.629     0.5852      0.6003      0.5603      0.4364
250     A         B          250           THR            0.00           498    408    230     7.929     7.283     5.629     0.5781      0.5930      0.5527      0.4288
251     A         B          251           VAL            0.00           498    408    226     7.929     7.283     5.582     0.5341      0.5512      0.5103      0.3840
252     A         B          252           ASP            0.00           498    408    138     7.929     7.283     4.367     0.4219      0.4957      0.4544      0.2347
253     A         B          253           THR            0.00           498    408     91     7.929     7.283     3.452     0.3682      0.4727      0.4313      0.1481
254     A         B          254           GLY            0.00           498    408     15     7.929     7.283     1.000     0.2330      0.4351      0.3940      0.0122
255     A         B          255           VAL            0.00           498    408      0     7.929     7.283     1.000     0.1444      0.0000      0.0000      0.0000
256     A         B          256           GLY            0.00           498    408      0     7.929     7.283     1.000     0.1076      0.0000      0.0000      0.0000
257     A         B          257           GLU            0.00           498    408      0     7.929     7.283     1.000     0.0964      0.0000      0.0000      0.0000
258     B         A            1           VAL            0.00           498    422      7     7.929     7.389     1.000     0.2156      0.3985      0.3653      0.0104
259     B         A            2           GLN            0.00           498    422     61     7.929     7.389     2.643     0.2986      0.4598      0.4254      0.0876
260     B         A            3           LEU            0.00           498    422    157     7.929     7.389     4.669     0.4399      0.5392      0.5054      0.2973
261     B         A            4           VAL            0.00           498    422    149     7.929     7.389     4.545     0.4278      0.5337      0.4997      0.2808
262     B         A            5           GLN            0.00           498    422    152     7.929     7.389     4.592     0.4328      0.5352      0.5014      0.2867
263     B         A            6           SER            0.00           498    422    119     7.929     7.389     4.031     0.3869      0.5151      0.4808      0.2212
264     B         A            7           GLY            0.00           498    422     65     7.929     7.389     2.768     0.3120      0.4525      0.4182      0.0927
265     B         A            8           ALA            0.00           498    422     86     7.929     7.389     3.335     0.3403      0.4771      0.4425      0.1410
266     B         A            9           GLU            0.00           498    422     76     7.929     7.389     3.081     0.3265      0.4624      0.4279      0.1163
267     B         A           10           VAL            0.00           498    422     92     7.929     7.389     3.475     0.3462      0.4744      0.4399      0.1501
268     B         A           11           LYS            0.00           498    422     66     7.929     7.389     2.798     0.3139      0.4449      0.4107      0.0918
269     B         A           12           LYS            0.00           498    422     12     7.929     7.389     1.000     0.2606      0.4289      0.3949      0.0119
270     B         A           13           PRO            0.00           498    422     67     7.929     7.389     2.828     0.3173      0.4481      0.4138      0.0948
271     B         A           14           GLY            0.00           498    422     64     7.929     7.389     2.738     0.3144      0.4446      0.4105      0.0882
272     B         A           15           ALA            0.00           498    422     93     7.929     7.389     3.498     0.3486      0.4710      0.4366      0.1502
273     B         A           16           SER            0.00           498    422    103     7.929     7.389     3.715     0.3597      0.4848      0.4504      0.1746
274     B         A           17           VAL            0.00           498    422    120     7.929     7.389     4.050     0.3847      0.5031      0.4687      0.2135
275     B         A           18           LYS            0.00           498    422    127     7.929     7.389     4.177     0.3999      0.5196      0.4853      0.2366
276     B         A           19           VAL            0.00           498    422    156     7.929     7.389     4.654     0.4350      0.5335      0.4996      0.2905
277     B         A           20           SER            0.00           498    422    136     7.929     7.389     4.333     0.4145      0.5277      0.4935      0.2567
278     B         A           21           CYS            0.00           498    422    159     7.929     7.389     4.699     0.4433      0.5414      0.5078      0.3024
279     B         A           22           LYS            0.00           498    422    132     7.929     7.389     4.265     0.4085      0.5242      0.4900      0.2477
280     B         A           23           ALA            0.00           498    422    134     7.929     7.389     4.299     0.4122      0.5269      0.4928      0.2536
281     B         A           24           SER            0.00           498    422     93     7.929     7.389     3.498     0.3462      0.4847      0.4502      0.1580
282     B         A           25           GLY            0.00           498    422    101     7.929     7.389     3.673     0.3643      0.5081      0.4737      0.1859
283     B         A           26           TYR            0.00           498    422    132     7.929     7.389     4.265     0.4128      0.5315      0.4974      0.2540
284     B         A           27           THR            0.00           498    422    125     7.929     7.389     4.141     0.3990      0.5232      0.4890      0.2366
285     B         A           28           PHE            0.00           498    422    137     7.929     7.389     4.350     0.4137      0.5279      0.4940      0.2597
286     B         A           29           THR            0.00           498    422    120     7.929     7.389     4.050     0.3862      0.5148      0.4807      0.2234
287     B         A           30           SER            0.00           498    422    108     7.929     7.389     3.818     0.3732      0.5197      0.4855      0.2073
288     B         A           31           TYR            0.00           498    422    128     7.929     7.389     4.195     0.4101      0.5384      0.5045      0.2548
289     B         A           32           ALA            0.00           498    422    137     7.929     7.389     4.350     0.4194      0.5360      0.5021      0.2665
290     B         A           33           MET            0.00           498    422    170     7.929     7.389     4.861     0.4590      0.5471      0.5136      0.3217
291     B         A           34           HIS            0.00           498    422    182     7.929     7.389     5.029     0.4829      0.5665      0.5335      0.3557
292     B         A           35           TRP            0.00           498    422    184     7.929     7.389     5.056     0.4851      0.5664      0.5333      0.3575
293     B         A           36           VAL            0.00           498    422    186     7.929     7.389     5.083     0.4846      0.5639      0.5308      0.3576
294     B         A           37           ARG            0.00           498    422    180     7.929     7.389     5.001     0.4758      0.5591      0.5256      0.3443
295     B         A           38           GLN            0.00           498    422    169     7.929     7.389     4.847     0.4528      0.5414      0.5077      0.3147
296     B         A           39           ALA            0.00           498    422    137     7.929     7.389     4.350     0.4078      0.5200      0.4859      0.2528
297     B         A           40           PRO            0.00           498    422     30     7.929     7.389     1.258     0.2705      0.4447      0.4106      0.0202
298     B         A           41           GLY            0.00           498    422     10     7.929     7.389     1.000     0.2355      0.4474      0.4131      0.0129
299     B         A           42           GLN            0.00           498    422     81     7.929     7.389     3.211     0.3193      0.4666      0.4323      0.1283
300     B         A           43           ARG            0.00           498    422     82     7.929     7.389     3.236     0.3365      0.4862      0.4519      0.1400
301     B         A           44           LEU            0.00           498    422    166     7.929     7.389     4.803     0.4508      0.5438      0.5102      0.3137
302     B         A           45           GLU            0.00           498    422    178     7.929     7.389     4.974     0.4718      0.5562      0.5228      0.3396
303     B         A           46           TRP            0.00           498    422    172     7.929     7.389     4.889     0.4688      0.5603      0.5271      0.3371
304     B         A           47           MET            0.00           498    422    174     7.929     7.389     4.918     0.4655      0.5511      0.5176      0.3303
305     B         A           48           GLY            0.00           498    422    170     7.929     7.389     4.861     0.4525      0.5388      0.5052      0.3144
306     B         A           49           TRP            0.00           498    422    170     7.929     7.389     4.861     0.4567      0.5464      0.5129      0.3216
307     B         A           50           ILE            0.00           498    422    167     7.929     7.389     4.818     0.4496      0.5382      0.5045      0.3097
308     B         A           51           LYS            0.00           498    422    103     7.929     7.389     3.715     0.3635      0.5041      0.4699      0.1884
309     B         A           52           GLY            0.00           498    422     50     7.929     7.389     2.256     0.2899      0.4849      0.4508      0.0745
310     B         A           53           ASN            0.00           498    422     36     7.929     7.389     1.621     0.2680      0.4766      0.4422      0.0379
311     B         A           54           GLY            0.00           498    422     54     7.929     7.389     2.405     0.2962      0.4664      0.4323      0.0772
312     B         A           55           ASN            0.00           498    422    105     7.929     7.389     3.757     0.3625      0.4945      0.4603      0.1857
313     B         A           56           THR            0.00           498    422    129     7.929     7.389     4.213     0.3996      0.5132      0.4790      0.2360
314     B         A           57           ARG            0.00           498    422    149     7.929     7.389     4.545     0.4284      0.5320      0.4981      0.2800
315     B         A           58           TYR            0.00           498    422    173     7.929     7.389     4.904     0.4583      0.5430      0.5092      0.3207
316     B         A           59           ASN            0.00           498    422    167     7.929     7.389     4.818     0.4513      0.5434      0.5098      0.3145
317     B         A           60           GLN            0.00           498    422    127     7.929     7.389     4.177     0.3995      0.5267      0.4926      0.2431
318     B         A           61           LYS            0.00           498    422    128     7.929     7.389     4.195     0.3933      0.5127      0.4784      0.2335
319     B         A           62           PHE            0.00           498    422    139     7.929     7.389     4.383     0.4096      0.5189      0.4847      0.2545
320     B         A           63           LYS            0.00           498    422     70     7.929     7.389     2.916     0.3168      0.4604      0.4261      0.1059
321     B         A           64           ASP            0.00           498    422     71     7.929     7.389     2.944     0.3155      0.4646      0.4304      0.1100
322     B         A           65           LYS            0.00           498    422     98     7.929     7.389     3.609     0.3473      0.4750      0.4407      0.1612
323     B         A           66           ALA            0.00           498    422    119     7.929     7.389     4.031     0.3849      0.5031      0.4688      0.2124
324     B         A           67           THR            0.00           498    422    149     7.929     7.389     4.545     0.4247      0.5256      0.4916      0.2739
325     B         A           68           ILE            0.00           498    422    172     7.929     7.389     4.889     0.4563      0.5430      0.5093      0.3199
326     B         A           69           THR            0.00           498    422    136     7.929     7.389     4.333     0.4117      0.5200      0.4858      0.2508
327     B         A           70           ALA            0.00           498    422    121     7.929     7.389     4.068     0.3878      0.5064      0.4721      0.2181
328     B         A           71           ASP            0.00           498    422    115     7.929     7.389     3.956     0.3755      0.4954      0.4610      0.2011
329     B         A           72           THR            0.00           498    422     91     7.929     7.389     3.452     0.3438      0.4782      0.4438      0.1508
330     B         A           73           SER            0.00           498    422     75     7.929     7.389     3.054     0.3259      0.4772      0.4428      0.1221
331     B         A           74           SER            0.00           498    422     69     7.929     7.389     2.887     0.3152      0.4678      0.4334      0.1063
332     B         A           75           ASN            0.00           498    422    124     7.929     7.389     4.123     0.3964      0.5171      0.4828      0.2302
333     B         A           76           THR            0.00           498    422    143     7.929     7.389     4.449     0.4204      0.5254      0.4913      0.2652
334     B         A           77           ALA            0.00           498    422    158     7.929     7.389     4.684     0.4396      0.5353      0.5015      0.2951
335     B         A           78           TYR            0.00           498    422    169     7.929     7.389     4.847     0.4514      0.5408      0.5071      0.3138
336     B         A           79           MET            0.00           498    422    144     7.929     7.389     4.465     0.4213      0.5286      0.4945      0.2695
337     B         A           80           GLN            0.00           498    422    147     7.929     7.389     4.514     0.4218      0.5255      0.4914      0.2709
338     B         A           81           LEU            0.00           498    422    154     7.929     7.389     4.623     0.4276      0.5252      0.4911      0.2801
339     B         A           82           SER            0.00           498    422     87     7.929     7.389     3.359     0.3401      0.4859      0.4515      0.1485
340     B         A           83           SER            0.00           498    422     92     7.929     7.389     3.475     0.3438      0.4686      0.4343      0.1477
341     B         A           84           LEU            0.00           498    422    121     7.929     7.389     4.068     0.3845      0.4973      0.4628      0.2106
342     B         A           85           THR            0.00           498    422     87     7.929     7.389     3.359     0.3361      0.4574      0.4231      0.1334
343     B         A           86           SER            0.00           498    422     51     7.929     7.389     2.294     0.2941      0.4466      0.4124      0.0642
344     B         A           87           GLU            0.00           498    422     93     7.929     7.389     3.498     0.3448      0.4843      0.4498      0.1576
345     B         A           88           ASP            0.00           498    422    132     7.929     7.389     4.265     0.3983      0.5059      0.4716      0.2336
346     B         A           89           SER            0.00           498    422    136     7.929     7.389     4.333     0.4068      0.5167      0.4825      0.2482
347     B         A           90           ALA            0.00           498    422    137     7.929     7.389     4.350     0.4116      0.5194      0.4852      0.2517
348     B         A           91           VAL            0.00           498    422    177     7.929     7.389     4.960     0.4689      0.5533      0.5197      0.3352
349     B         A           92           TYR            0.00           498    422    180     7.929     7.389     5.001     0.4765      0.5606      0.5272      0.3462
350     B         A           93           TYR            0.00           498    422    188     7.929     7.389     5.109     0.4883      0.5669      0.5339      0.3628
351     B         A           94           CYS            0.00           498    422    173     7.929     7.389     4.904     0.4686      0.5601      0.5269      0.3383
352     B         A           95           ALA            0.00           498    422    175     7.929     7.389     4.932     0.4719      0.5620      0.5289      0.3431
353     B         A           96           ARG            0.00           498    422    165     7.929     7.389     4.788     0.4570      0.5553      0.5219      0.3229
354     B         A           97           VAL            0.00           498    422    137     7.929     7.389     4.350     0.4184      0.5430      0.5095      0.2740
355     B         A           98           SER            0.00           498    422     69     7.929     7.389     2.887     0.3072      0.4952      0.4608      0.1187
356     B         A           99           GLY            0.00           498    422     47     7.929     7.389     2.137     0.2693      0.4786      0.4442      0.0644
357     B         A          100           ASP            0.00           498    422     61     7.929     7.389     2.643     0.2985      0.4982      0.4639      0.1035
358     B         A          101           TYR            0.00           498    422     86     7.929     7.389     3.335     0.3380      0.5142      0.4802      0.1647
359     B         A          102           PHE            0.00           498    422     92     7.929     7.389     3.475     0.3498      0.5181      0.4842      0.1792
360     B         A          103           TYR            0.00           498    422    107     7.929     7.389     3.798     0.3712      0.5174      0.4833      0.2048
361     B         A          104           ALA            0.00           498    422    148     7.929     7.389     4.530     0.4231      0.5359      0.5023      0.2836
362     B         A          105           MET            0.00           498    422    164     7.929     7.389     4.774     0.4570      0.5569      0.5238      0.3247
363     B         A          106           ASP            0.00           498    422    155     7.929     7.389     4.639     0.4373      0.5427      0.5091      0.2989
364     B         A          107           TYR            0.00           498    422    165     7.929     7.389     4.788     0.4517      0.5498      0.5164      0.3182
365     B         A          108           TRP            0.00           498    422    176     7.929     7.389     4.946     0.4747      0.5645      0.5314      0.3466
366     B         A          109           GLY            0.00           498    422    171     7.929     7.389     4.875     0.4609      0.5532      0.5198      0.3284
367     B         A          110           GLN            0.00           498    422    138     7.929     7.389     4.367     0.4129      0.5256      0.4915      0.2583
368     B         A          111           GLY            0.00           498    422    114     7.929     7.389     3.936     0.3864      0.5164      0.4820      0.2135
369     B         A          112           THR            0.00           498    422    162     7.929     7.389     4.744     0.4408      0.5351      0.5013      0.2998
370     B         A          113           SER            0.00           498    422    141     7.929     7.389     4.416     0.4162      0.5264      0.4923      0.2634
371     B         A          114           VAL            0.00           498    422    149     7.929     7.389     4.545     0.4240      0.5240      0.4899      0.2724
372     B         A          115           THR            0.00           498    422    119     7.929     7.389     4.031     0.3818      0.5009      0.4665      0.2105
373     B         A          116           VAL            0.00           498    422      9     7.929     7.389     1.000     0.2508      0.4156      0.3819      0.0112
374     B         A          117           SER            0.00           498    422      0     7.929     7.389     1.000     0.1023      0.0000      0.0000      0.0000
375     B         A          118           SER            0.00           498    422      0     7.929     7.389     1.000     0.0724      0.0000      0.0000      0.0000
376     B         A          119           GLY            0.00           498    422      0     7.929     7.389     1.000     0.0667      0.0000      0.0000      0.0000
377     B         A          120           GLY            0.00           498    422      0     7.929     7.389     1.000     0.0644      0.0000      0.0000      0.0000
378     B         A          121           GLY            0.00           498    422      0     7.929     7.389     1.000     0.0645      0.0000      0.0000      0.0000
379     B         A          122           SER            0.00           498    422      0     7.929     7.389     1.000     0.0650      0.0000      0.0000      0.0000
380     B         A          123           GLY            0.00           498    422      0     7.929     7.389     1.000     0.0657      0.0000      0.0000      0.0000
381     B         A          124           GLY            0.00           498    422      0     7.929     7.389     1.000     0.0657      0.0000      0.0000      0.0000
382     B         A          125           GLY            0.00           498    422      0     7.929     7.389     1.000     0.0667      0.0000      0.0000      0.0000
383     B         A          126           SER            0.00           498    422      0     7.929     7.389     1.000     0.0674      0.0000      0.0000      0.0000
384     B         A          127           GLY            0.00           498    422      0     7.929     7.389     1.000     0.0680      0.0000      0.0000      0.0000
385     B         A          128           GLY            0.00           498    422      0     7.929     7.389     1.000     0.0683      0.0000      0.0000      0.0000
386     B         A          129           GLY            0.00           498    422      0     7.929     7.389     1.000     0.0702      0.0000      0.0000      0.0000
387     B         A          130           SER            0.00           498    422      0     7.929     7.389     1.000     0.0730      0.0000      0.0000      0.0000
388     B         A          131           GLY            0.00           498    422      0     7.929     7.389     1.000     0.0729      0.0000      0.0000      0.0000
389     B         A          132           GLY            0.00           498    422      0     7.929     7.389     1.000     0.0746      0.0000      0.0000      0.0000
390     B         A          133           GLY            0.00           498    422      0     7.929     7.389     1.000     0.0794      0.0000      0.0000      0.0000
391     B         A          134           SER            0.00           498    422      0     7.929     7.389     1.000     0.0900      0.0000      0.0000      0.0000
392     B         A          135           ASP            0.00           498    422      0     7.929     7.389     1.000     0.1194      0.0000      0.0000      0.0000
393     B         A          136           ILE            0.00           498    422    105     7.929     7.389     3.757     0.3579      0.4951      0.4607      0.1850
394     B         A          137           GLN            0.00           498    422    124     7.929     7.389     4.123     0.3875      0.5075      0.4732      0.2233
395     B         A          138           MET            0.00           498    422    169     7.929     7.389     4.847     0.4578      0.5489      0.5152      0.3214
396     B         A          139           THR            0.00           498    422    173     7.929     7.389     4.904     0.4557      0.5404      0.5064      0.3174
397     B         A          140           GLN            0.00           498    422    164     7.929     7.389     4.774     0.4412      0.5327      0.4988      0.2999
398     B         A          141           SER            0.00           498    422     76     7.929     7.389     3.081     0.3211      0.4590      0.4248      0.1162
399     B         A          142           PRO            0.00           498    422     73     7.929     7.389     3.000     0.3186      0.4499      0.4156      0.1060
400     B         A          143           SER            0.00           498    422     85     7.929     7.389     3.310     0.3293      0.4595      0.4251      0.1305
401     B         A          144           THR            0.00           498    422     89     7.929     7.389     3.406     0.3430      0.4733      0.4387      0.1442
402     B         A          145           LEU            0.00           498    422     66     7.929     7.389     2.798     0.3076      0.4408      0.4066      0.0902
403     B         A          146           SER            0.00           498    422     60     7.929     7.389     2.611     0.3017      0.4361      0.4020      0.0781
404     B         A          147           ALA            0.00           498    422     47     7.929     7.389     2.137     0.2836      0.4226      0.3887      0.0508
405     B         A          148           SER            0.00           498    422     52     7.929     7.389     2.332     0.2907      0.4343      0.4002      0.0625
406     B         A          149           VAL            0.00           498    422    103     7.929     7.389     3.715     0.3609      0.4879      0.4532      0.1754
407     B         A          150           GLY            0.00           498    422     98     7.929     7.389     3.609     0.3423      0.4691      0.4346      0.1567
408     B         A          151           ASP            0.00           498    422    125     7.929     7.389     4.141     0.3872      0.4998      0.4653      0.2180
409     B         A          152           ARG            0.00           498    422    134     7.929     7.389     4.299     0.4041      0.5162      0.4819      0.2444
410     B         A          153           VAL            0.00           498    422     98     7.929     7.389     3.609     0.3550      0.4924      0.4578      0.1704
411     B         A          154           THR            0.00           498    422    149     7.929     7.389     4.545     0.4200      0.5204      0.4862      0.2691
412     B         A          155           ILE            0.00           498    422    182     7.929     7.389     5.029     0.4817      0.5632      0.5298      0.3505
413     B         A          156           THR            0.00           498    422    175     7.929     7.389     4.932     0.4626      0.5492      0.5155      0.3281
414     B         A          157           CYS            0.00           498    422    169     7.929     7.389     4.847     0.4628      0.5561      0.5226      0.3280
415     B         A          158           ARG            0.00           498    422    170     7.929     7.389     4.861     0.4533      0.5444      0.5105      0.3173
416     B         A          159           ALA            0.00           498    422    178     7.929     7.389     4.974     0.4769      0.5638      0.5304      0.3464
417     B         A          160           SER            0.00           498    422    148     7.929     7.389     4.530     0.4186      0.5254      0.4914      0.2729
418     B         A          161           GLN            0.00           498    422    142     7.929     7.389     4.433     0.4198      0.5433      0.5096      0.2799
419     B         A          162           SER            0.00           498    422    168     7.929     7.389     4.832     0.4562      0.5533      0.5199      0.3252
420     B         A          163           ILE            0.00           498    422    192     7.929     7.389     5.162     0.4975      0.5736      0.5409      0.3749
421     B         A          164           SER            0.00           498    422    158     7.929     7.389     4.684     0.4410      0.5457      0.5121      0.3051
422     B         A          165           SER            0.00           498    422    154     7.929     7.389     4.623     0.4369      0.5463      0.5128      0.3005
423     B         A          166           TRP            0.00           498    422    195     7.929     7.389     5.201     0.5100      0.5842      0.5517      0.3892
424     B         A          167           LEU            0.00           498    422    199     7.929     7.389     5.253     0.5225      0.5952      0.5628      0.4034
425     B         A          168           ALA            0.00           498    422    200     7.929     7.389     5.266     0.5207      0.5911      0.5587      0.4009
426     B         A          169           TRP            0.00           498    422    201     7.929     7.389     5.278     0.5235      0.5934      0.5609      0.4042
427     B         A          170           TYR            0.00           498    422    199     7.929     7.389     5.253     0.5120      0.5822      0.5496      0.3909
428     B         A          171           GLN            0.00           498    422    191     7.929     7.389     5.149     0.4960      0.5732      0.5401      0.3714
429     B         A          172           GLN            0.00           498    422    180     7.929     7.389     5.001     0.4751      0.5600      0.5266      0.3454
430     B         A          173           LYS            0.00           498    422    159     7.929     7.389     4.699     0.4420      0.5407      0.5070      0.3010
431     B         A          174           PRO            0.00           498    422     87     7.929     7.389     3.359     0.3382      0.4845      0.4499      0.1467
432     B         A          175           GLY            0.00           498    422     67     7.929     7.389     2.828     0.3124      0.4630      0.4285      0.1004
433     B         A          176           LYS            0.00           498    422    144     7.929     7.389     4.465     0.4179      0.5250      0.4910      0.2668
434     B         A          177           ALA            0.00           498    422    171     7.929     7.389     4.875     0.4573      0.5483      0.5147      0.3238
435     B         A          178           PRO            0.00           498    422    170     7.929     7.389     4.861     0.4614      0.5525      0.5190      0.3265
436     B         A          179           LYS            0.00           498    422    166     7.929     7.389     4.803     0.4563      0.5542      0.5207      0.3226
437     B         A          180           LEU            0.00           498    422    186     7.929     7.389     5.083     0.4946      0.5768      0.5439      0.3698
438     B         A          181           LEU            0.00           498    422    184     7.929     7.389     5.056     0.4832      0.5655      0.5323      0.3562
439     B         A          182           ILE            0.00           498    422    199     7.929     7.389     5.253     0.5154      0.5869      0.5543      0.3952
440     B         A          183           TYR            0.00           498    422    195     7.929     7.389     5.201     0.5049      0.5791      0.5464      0.3836
441     B         A          184           ALA            0.00           498    422    180     7.929     7.389     5.001     0.4834      0.5685      0.5355      0.3549
442     B         A          185           ALA            0.00           498    422    177     7.929     7.389     4.960     0.4819      0.5708      0.5379      0.3543
443     B         A          186           SER            0.00           498    422    149     7.929     7.389     4.545     0.4312      0.5435      0.5100      0.2917
444     B         A          187           SER            0.00           498    422    169     7.929     7.389     4.847     0.4614      0.5566      0.5233      0.3294
445     B         A          188           LEU            0.00           498    422    166     7.929     7.389     4.803     0.4567      0.5564      0.5230      0.3250
446     B         A          189           GLU            0.00           498    422    165     7.929     7.389     4.788     0.4509      0.5477      0.5142      0.3158
447     B         A          190           SER            0.00           498    422    105     7.929     7.389     3.757     0.3723      0.5267      0.4925      0.2064
448     B         A          191           GLY            0.00           498    422     96     7.929     7.389     3.565     0.3612      0.5181      0.4837      0.1834
449     B         A          192           VAL            0.00           498    422    149     7.929     7.389     4.545     0.4295      0.5347      0.5009      0.2824
450     B         A          193           PRO            0.00           498    422    118     7.929     7.389     4.013     0.3885      0.5180      0.4837      0.2214
451     B         A          194           SER            0.00           498    422     91     7.929     7.389     3.452     0.3451      0.4928      0.4582      0.1583
452     B         A          195           ARG            0.00           498    422    119     7.929     7.389     4.031     0.3888      0.5170      0.4827      0.2220
453     B         A          196           PHE            0.00           498    422    178     7.929     7.389     4.974     0.4755      0.5618      0.5285      0.3448
454     B         A          197           SER            0.00           498    422    165     7.929     7.389     4.788     0.4469      0.5443      0.5106      0.3116
455     B         A          198           GLY            0.00           498    422    160     7.929     7.389     4.714     0.4414      0.5423      0.5085      0.3035
456     B         A          199           SER            0.00           498    422    134     7.929     7.389     4.299     0.4021      0.5237      0.4895      0.2505
457     B         A          200           GLY            0.00           498    422    110     7.929     7.389     3.858     0.3739      0.5142      0.4799      0.2057
458     B         A          201           SER            0.00           498    422    103     7.929     7.389     3.715     0.3560      0.4989      0.4645      0.1835
459     B         A          202           GLY            0.00           498    422    124     7.929     7.389     4.123     0.3923      0.5232      0.4891      0.2356
460     B         A          203           THR            0.00           498    422    168     7.929     7.389     4.832     0.4536      0.5493      0.5156      0.3203
461     B         A          204           GLU            0.00           498    422    151     7.929     7.389     4.577     0.4226      0.5290      0.4949      0.2792
462     B         A          205           PHE            0.00           498    422    187     7.929     7.389     5.096     0.4964      0.5774      0.5444      0.3713
463     B         A          206           THR            0.00           498    422    170     7.929     7.389     4.861     0.4577      0.5508      0.5171      0.3235
464     B         A          207           LEU            0.00           498    422    192     7.929     7.389     5.162     0.4950      0.5690      0.5359      0.3687
465     B         A          208           THR            0.00           498    422    182     7.929     7.389     5.029     0.4810      0.5634      0.5299      0.3503
466     B         A          209           ILE            0.00           498    422    175     7.929     7.389     4.932     0.4695      0.5562      0.5227      0.3355
467     B         A          210           SER            0.00           498    422    110     7.929     7.389     3.858     0.3773      0.5106      0.4763      0.2033
468     B         A          211           SER            0.00           498    422    106     7.929     7.389     3.777     0.3677      0.5023      0.4677      0.1897
469     B         A          212           LEU            0.00           498    422    126     7.929     7.389     4.159     0.3884      0.5039      0.4695      0.2229
470     B         A          213           GLN            0.00           498    422    118     7.929     7.389     4.013     0.3793      0.4999      0.4654      0.2075
471     B         A          214           PRO            0.00           498    422     79     7.929     7.389     3.160     0.3290      0.4708      0.4362      0.1252
472     B         A          215           ASP            0.00           498    422     77     7.929     7.389     3.108     0.3205      0.4723      0.4378      0.1231
473     B         A          216           ASP            0.00           498    422    122     7.929     7.389     4.087     0.3914      0.5106      0.4762      0.2220
474     B         A          217           PHE            0.00           498    422    144     7.929     7.389     4.465     0.4178      0.5201      0.4860      0.2621
475     B         A          218           ALA            0.00           498    422    119     7.929     7.389     4.031     0.3888      0.5051      0.4708      0.2137
476     B         A          219           THR            0.00           498    422    191     7.929     7.389     5.149     0.4905      0.5647      0.5313      0.3625
477     B         A          220           TYR            0.00           498    422    198     7.929     7.389     5.240     0.5085      0.5781      0.5452      0.3844
478     B         A          221           TYR            0.00           498    422    199     7.929     7.389     5.253     0.5229      0.5945      0.5619      0.4023
479     B         A          222           CYS            0.00           498    422    195     7.929     7.389     5.201     0.5082      0.5822      0.5496      0.3867
480     B         A          223           GLN            0.00           498    422    200     7.929     7.389     5.266     0.5112      0.5799      0.5471      0.3895
481     B         A          224           GLN            0.00           498    422    200     7.929     7.389     5.266     0.5213      0.5920      0.5594      0.4011
482     B         A          225           TYR            0.00           498    422    200     7.929     7.389     5.266     0.5146      0.5839      0.5514      0.3939
483     B         A          226           ASN            0.00           498    422    183     7.929     7.389     5.042     0.4867      0.5711      0.5380      0.3604
484     B         A          227           ASN            0.00           498    422    160     7.929     7.389     4.714     0.4462      0.5486      0.5151      0.3105
485     B         A          228           TYR            0.00           498    422    169     7.929     7.389     4.847     0.4566      0.5472      0.5137      0.3207
486     B         A          229           PRO            0.00           498    422    154     7.929     7.389     4.623     0.4345      0.5338      0.5001      0.2897
487     B         A          230           TRP            0.00           498    422    180     7.929     7.389     5.001     0.4841      0.5692      0.5362      0.3561
488     B         A          231           THR            0.00           498    422    189     7.929     7.389     5.123     0.4885      0.5647      0.5314      0.3610
489     B         A          232           PHE            0.00           498    422    197     7.929     7.389     5.227     0.5059      0.5775      0.5448      0.3840
490     B         A          233           GLY            0.00           498    422    189     7.929     7.389     5.123     0.4892      0.5644      0.5311      0.3608
491     B         A          234           GLN            0.00           498    422    162     7.929     7.389     4.744     0.4345      0.5289      0.4949      0.2940
492     B         A          235           GLY            0.00           498    422    124     7.929     7.389     4.123     0.3958      0.5082      0.4738      0.2234
493     B         A          236           THR            0.00           498    422    182     7.929     7.389     5.029     0.4749      0.5533      0.5197      0.3410
494     B         A          237           LYS            0.00           498    422    160     7.929     7.389     4.714     0.4326      0.5241      0.4900      0.2870
495     B         A          238           VAL            0.00           498    422    129     7.929     7.389     4.213     0.3986      0.5093      0.4749      0.2315
496     B         A          239           GLU            0.00           498    422     57     7.929     7.389     2.510     0.2957      0.4497      0.4156      0.0772
497     B         A          240           ILE            0.00           498    422      0     7.929     7.389     1.000     0.1599      0.0000      0.0000      0.0000
498     B         A          241           LYS            0.00           498    422      0     7.929     7.389     1.000     0.1284      0.0000      0.0000      0.0000
